1 0.21716277201172218 0.19255033557046983 0.23852097592716284 0.010201342281879189
2 0.1274709348897165 0.20690316395014383 0.0542473140806503 0.01113135186960692
5 0.16490300127918525 0.22227229146692234 0.12747093488971648 0.012118887823585833
6 0.11376319544915671 0.3138063279002877 0.227510616744757 0.06922339405560889
6 0.08548013812243209 0.40617449664429534 0.17094450209130774 0.03874400767018216
4 0.44489422690626956 0.284784276126558 0.09349340812911142 0.019127516778523555
4 0.44437367983890647 0.39327900287631834 0.07775080287976888 0.014937679769894574
8 0.6903873787053857 0.28464046021093004 0.04599743177062402 0.020824544582933858
8 0.6951984955401046 0.3922531160115053 0.04748020220493089 0.015867689357622217
7 0.8541230926213933 0.28346116970278046 0.08303514432118174 0.016481303930968406
7 0.8520566785054975 0.3929242569511026 0.07563706630320408 0.017200383509108397