1 0.2955129927266364 0.21511025886864815 0.17919438440133384 0.011351869606903176
2 0.22654839337781318 0.22929050814956858 0.03989283434427588 0.010508149568552217
5 0.2533960027309003 0.24389261744966445 0.08945522481865878 0.013020134228187975
6 0.1912616118720223 0.3265196548418025 0.22053844087280364 0.06729626078619359
6 0.17070788978796086 0.4155704697986578 0.17805864534526916 0.039309683604985636
4 0.4592013841819746 0.3020421860019175 0.07689899858772038 0.016673058485138982
4 0.45743467898365164 0.40237775647171625 0.05825394908398996 0.014582933844678837
8 0.6409196331523415 0.30106423777564717 0.024371067244723817 0.018044103547459313
8 0.6442953020134228 0.4004410354745926 0.042116989995736175 0.016558005752636617
7 0.7635163545931131 0.30313518696069036 0.059531655522062916 0.02219558964525401
7 0.7591784623650878 0.4007094918504315 0.05221244827186759 0.01457334611697032
0 0.44344300477907567 0.4720421860019175 0.7372523889216147 0.05629913710450616