1 0.2848969873831419 0.17093000958772772 0.18667133318709386 0.011658676893576247
2 0.21120014196738202 0.1870373921380633 0.04402566257606721 0.010000000000000009
5 0.2385840725413887 0.20168744007670183 0.09761046220734632 0.011898370086289578
6 0.16999805287792036 0.30127516778523494 0.22968744993554788 0.077698945349952
4 0.4572296149874177 0.2698465963566635 0.07110988423250128 0.019884947267497656
8 0.6479549056385205 0.2698465963566635 0.03741629223591232 0.019894534995206124
7 0.774763326078866 0.2694151486097795 0.07158310883919494 0.019741131351869612
7 0.7748579710002047 0.3842090124640461 0.05874294784423999 0.016462128475551285
8 0.6539806322970865 0.3843720038350911 0.039987479265614585 0.018226270373921417
4 0.458870126957289 0.3856184084372004 0.07082594946848486 0.016395014381591543
6 0.14938123417963312 0.39665388302972193 0.19320183275946637 0.037746883988494725
0 0.41948206552681977 0.4617066155321189 0.7313844037986132 0.08021093000958768