1 0.25998959891749873 0.1699904122722915 0.20205113290463794 0.013940556088207101
2 0.18132389513145541 0.18591562799616493 0.0447197253325512 0.012588686481303934
5 0.21200462379876125 0.2027133269415149 0.10888898200021199 0.011284755512943435
6 0.13975900051019527 0.300287631831256 0.2585068284831919 0.07532118887823591
4 0.45279707783805373 0.2702972195589646 0.07645732228813956 0.015349952061361449
8 0.6630823188991612 0.27057526366251194 0.0306491803601928 0.01845637583892614
7 0.8031410283269292 0.26771812080536916 0.06424812743544298 0.01616490891658682
6 0.11829037751985944 0.3987056567593481 0.21276178316947109 0.04061361457334618
4 0.4505098255723677 0.38592521572387345 0.06345941975762034 0.01420901246404611
8 0.669029174789945 0.3848130393096837 0.05091896768023814 0.01453499520613608
7 0.80109038836459 0.3865963566634708 0.06295464684381381 0.019798657718120793
0 0.4243878272828774 0.4611888782358581 0.8221646575160145 0.07364333652924256