1 0.25786008818737727 0.1743144774688399 0.20886556724102662 0.014477468839884988
2 0.17865806318041447 0.191294343240652 0.04664417206643877 0.01346116970278044
5 0.2079506663347522 0.2062032598274209 0.11032442997384942 0.0106423777564717
6 0.1370300719449285 0.303039309683605 0.26000537307105526 0.07608820709491856
4 0.4497053437409884 0.2730105465004794 0.09139544570610282 0.02690316395014376
8 0.664454670258573 0.2740651965484181 0.058048885087756054 0.02901246404602107
7 0.8036615753942923 0.27032598274209013 0.0820255984935684 0.020767018216682587
6 0.11155481395125294 0.4013806327900288 0.21383442561131008 0.03968360498561836
4 0.45532094240708654 0.387967401725791 0.07986453945633396 0.01708533077660599
8 0.675228417137632 0.38840843720038354 0.06716634584338735 0.027833173537871535
7 0.8066902128771317 0.3890699904122723 0.07945441146386614 0.02492809204218598
0 0.41900884092012614 0.4632598274209013 0.8264079048227008 0.07457334611697028