0 0.42014457997619103 0.44917545541706616 0.7845117529767552 0.08816874400767016
1 0.27241963191998564 0.09813998082454459 0.1981391428226369 0.012205177372962594
2 0.20112045784480698 0.11659635666347076 0.05356902547772268 0.011572387344199431
4 0.4619934093614672 0.2197603068072867 0.09114305924919956 0.024132310642377773
4 0.4528917227593925 0.36132310642377763 0.06497373849904005 0.017823585810163058
5 0.23251102342215335 0.1379194630872483 0.10838420908640539 0.021524448705656774
6 0.1690042812038637 0.2552061361457335 0.282199607124988 0.09624161073825502
6 0.1410051586411553 0.37619367209971244 0.2162636452590042 0.04633748801534043
7 0.7912946390060311 0.21948226270373922 0.07032117655467848 0.03325982742090128
7 0.7907740919386681 0.36003835091083414 0.07125185161450918 0.02130393096836052
8 0.6591072322029345 0.22010546500479386 0.06295464684381359 0.0333077660594439
8 0.6615837743112981 0.35957813998082455 0.05795424016641735 0.01916586768935762