1 0.2709368614856788 0.12439117929050816 0.1949054413435636 0.012627037392138085
2 0.1933911226021438 0.14304889741131352 0.04123363739657454 0.013336529242569516
5 0.22438733434057878 0.16219558964525407 0.10324183502700093 0.014161073825503356
6 0.15233100089469026 0.27118887823585813 0.2501938495589399 0.08224352828379669
6 0.1373455550160576 0.384928092042186 0.21017482198621246 0.04480345158197507
4 0.45349114059453777 0.23704697986577186 0.06681931446514523 0.02268456375838923
4 0.4535542372087635 0.3693096836049857 0.06262338961912821 0.01619367209971232
8 0.6562994328698855 0.2383125599232982 0.03369359199658888 0.02172579098753591
8 0.6593911669669507 0.36758389261744967 0.03845738637063836 0.01796740172579101
7 0.7920675725302976 0.2382837967401726 0.07152001222496894 0.020795781399808266
7 0.7906478987102166 0.367804410354746 0.06582554279108854 0.02015340364333653
0 0.41643765389042386 0.461006711409396 0.7769559334232131 0.06537871524448705