1 0.23926236114431626 0.1737104506232023 0.22173727654309425 0.013365292425695108
2 0.15351406241142443 0.1906327900287632 0.050256453230867075 0.012540747842761268
5 0.18816987777495708 0.20583892617449667 0.11655522062864936 0.011907957813998116
6 0.1217922396093925 0.3035858101629914 0.24057161588950207 0.0732406519654842
4 0.4471814791719556 0.27369127516778524 0.07446977894002617 0.019827420901246385
8 0.6761906405045759 0.27357622243528285 0.03845738637063836 0.02050814956855227
7 0.829105285080855 0.27225311601150526 0.07547932476763937 0.01788111217641415
6 0.09750004313245116 0.3995781399808246 0.1935015416770391 0.04069990412272295
4 0.4460141918087778 0.3880057526366251 0.07213520421367083 0.018465963566634703
8 0.6831470422229726 0.3854458293384468 0.055383053136715085 0.016999041227229127
7 0.8256191971448783 0.3861265580057527 0.06252874469778935 0.01926174496644295
0 0.42926204073182217 0.46116970278044106 0.8585240814636443 0.06985618408437197