1 0.2747699807998975 0.15032598274209014 0.19247622169586942 0.010469798657718155
2 0.19902249542179842 0.16711409395973156 0.03965622204092904 0.012713326941514858
5 0.2296401274748785 0.1844007670182167 0.09956645724834685 0.014314477468839914
6 0.15826208263191752 0.2897603068072867 0.2411552595710909 0.08597315436241608
4 0.4541536550439089 0.2558772770853308 0.0645636105065721 0.01741131351869605
8 0.6536966975330704 0.25629913710450625 0.03651716548319426 0.01665388302972195
7 0.7861207166395139 0.25551294343240655 0.072561106359695 0.013470757430488955
6 0.13955393651396136 0.39451581975071914 0.20373896733517863 0.042291466922339406
4 0.4526708846096021 0.3777085330776606 0.05498869929780376 0.01029721955896452
8 0.6597066500380799 0.3776989453499521 0.043252729051800706 0.015100671140939603
7 0.7833286914600213 0.3788207094918505 0.05509911837269868 0.01572387344199422
0 0.42140651226070736 0.4605081495685523 0.7687375994202998 0.0786385426653883