1 0.2384421051593806 0.12770853307766059 0.223598626662756 0.01761265580057527
2 0.14695201453193896 0.14601150527325024 0.05645569557855406 0.014352828379674065
5 0.1857564322808194 0.16349952061361459 0.1227386888227799 0.01770853307766056
6 0.12224969006252973 0.2737296260786194 0.24449938012505945 0.08916586768935764
4 0.44959492466609324 0.24035474592521572 0.07823980164001904 0.021591562799616514
8 0.6781939580062456 0.24065196548418027 0.046943880984011366 0.020805369127516828
7 0.8343896265222676 0.24006711409395973 0.07666238628437347 0.018274209012464036
6 0.09458182472450688 0.38363374880153406 0.18916364944901376 0.044228187919463126
4 0.44726034993973784 0.3709587727708533 0.09391931027513573 0.018887823585810183
8 0.6848664249606263 0.36796740172579107 0.048978746792794105 0.01839884947267505
7 0.8293261232306453 0.3696069031639502 0.07104678761827542 0.020297219558964484
0 0.4299087810276369 0.45491850431447756 0.8598175620552738 0.08232023010546499