1 0.26166165919448303 0.21979865771812085 0.205694962376179 0.011409395973154357
2 0.18145008835990706 0.23444870565675938 0.04680191360200333 0.009587727708533045
5 0.2134873942330681 0.24825503355704698 0.10936220660690564 0.012511984659635633
6 0.13870213222191277 0.3304793863854267 0.2548156765509813 0.06533077660594441
4 0.4537593012049975 0.3048322147651007 0.0795963788458742 0.015867689357622172
8 0.6627983841351451 0.30504314477468847 0.041564894621260076 0.018120805369127524
7 0.8032829957089374 0.30492809204218607 0.07568438876387343 0.016059443911792926
6 0.11896866612278702 0.4149185043144775 0.21684728894059305 0.03474592521572384
4 0.45304946429495696 0.40396931927133267 0.0751796158500666 0.015608820709491811
8 0.6693288837075178 0.40411313518696074 0.056140212507425014 0.017708533077660606
7 0.8020999341922033 0.4038350910834133 0.07782967364755122 0.019913710450623158
0 0.41527036652724614 0.47215723873442006 0.8124635530787944 0.051323106423777534