1 0.27458069095722 0.14961649089165868 0.18809100700717477 0.013825503355704694
2 0.20459077162722716 0.1662895493767977 0.048111168347189114 0.014688398849472683
5 0.23353634340332294 0.18462128475551295 0.10273706211319435 0.013950143815915616
6 0.163404456691322 0.2857430488974113 0.2409975180355264 0.08234899328859058
4 0.4519925960066745 0.2546692233940556 0.06847560058857301 0.017248322147650975
8 0.651851121566965 0.2560306807286673 0.03424568737106483 0.019002876318312635
7 0.7819405659470531 0.2550527325023969 0.06287577607603147 0.01999041227229146
6 0.14292960537504285 0.3913614573346117 0.19356463829126486 0.040651965484180194
4 0.45357001136232006 0.37889741131351873 0.061913552709087626 0.016711409395973133
8 0.6545642759786753 0.37673058485139027 0.04128095985724382 0.016327900287631803
7 0.7787068644679798 0.3784755512943433 0.056424147271441134 0.01882070949185044
0 0.42445092389710326 0.459424736337488 0.759840976814459 0.07837008628954933