1 0.27186753654550966 0.1741131351869607 0.19069374234398995 0.011486097794822658
2 0.19602540624607187 0.18966442953020135 0.04427804903297047 0.01237775647171624
5 0.2253968801681919 0.20589645254074784 0.10450376731151739 0.014640460210929972
6 0.16185858964278937 0.3011409395973154 0.25896427893632906 0.07517737296260787
4 0.4533807215196426 0.27257909875359543 0.06816011751744405 0.018983700862895424
8 0.6529079898552476 0.27323106423777566 0.03512903997022632 0.018465963566634703
7 0.7894806113470388 0.2723681687440077 0.061361457334611895 0.01581975071907955
6 0.13426959507254882 0.39958772770853307 0.19927488187870168 0.04056567593480338
4 0.453396495673199 0.3880057526366251 0.06667734708313718 0.01741131351869605
8 0.6580030414539826 0.38664429530201344 0.04230627983841365 0.018350910834132338
7 0.7964054647583229 0.38678811121764145 0.0797225720743259 0.018628954937679687
0 0.4239619251368531 0.4616299137104507 0.7816724053365934 0.07130393096836052