1 0.2824993160425607 0.19392138063279002 0.184983498756553 0.013518696069031643
2 0.21006440291131723 0.2091562799616491 0.044987885943010904 0.012061361457334562
5 0.23828436362381603 0.22376797698945353 0.09776820374291087 0.013796740172579102
6 0.17036085840971887 0.31395973154362417 0.2356185316727751 0.07237775647171621
6 0.15288309626916627 0.4054266538830298 0.19580456809628152 0.03768935762224346
4 0.4548003953397235 0.28555129434324067 0.0762207099847928 0.025215723873441932
4 0.4562989399275868 0.3986001917545542 0.06336477483628149 0.023307766059443846
8 0.6507942532786826 0.28601150527325025 0.03568113534470227 0.02168744007670185
8 0.6571196888548212 0.3944582933844679 0.047101622519576065 0.017986577181208042
7 0.7768928368089874 0.2865867689357623 0.06424812743544298 0.021332694151486108
7 0.7779812534043828 0.394189837008629 0.06521035080238696 0.016711409395973088
0 0.42094906180757014 0.46832214765100666 0.7497770668454403 0.05919463087248324