1 0.24490950811752732 0.2050335570469799 0.21367668407574564 0.013355704697986592
2 0.16375148806956402 0.2200479386385427 0.049799002777729855 0.010958772770853286
5 0.19580456809628152 0.23432406519654844 0.11232774747551924 0.010901246404602105
6 0.13303921109514524 0.31817833173537874 0.2645167809882014 0.07657718120805371
4 0.44757583301086695 0.29499520613614577 0.07615761337056695 0.014937679769894619
8 0.6709220732167196 0.2951677852348994 0.033299238157677415 0.018159156279961675
7 0.8225432372013695 0.2943432406519655 0.06825476243878276 0.015551294343240674
6 0.10040248738683895 0.4118024928092042 0.19922755941803233 0.041610738255033516
4 0.4497842145087707 0.3984563758389261 0.06957979133752505 0.014928092042186014
8 0.6804654361183753 0.39822627037392144 0.050824322758899435 0.01541706615532119
7 0.8191833424938446 0.39818791946308724 0.05995755766808709 0.017238734419942458
0 0.41755761879293224 0.46930968360498565 0.8335535963837754 0.05172579098753598