0 0.41773113448205323 0.46326941514860975 0.7516699652722151 0.06970278044103555
1 0.2744387235752119 0.1827229146692234 0.19189257801428056 0.011188878235858101
2 0.20206690705819433 0.19724832214765103 0.04350511550870411 0.01146692233940556
4 0.4576870654405548 0.278398849472675 0.0793913148496403 0.023202301054650133
4 0.45923293248908753 0.39182166826462134 0.07699364350905893 0.01535953978907001
5 0.23337860186775838 0.2152061361457335 0.10067064799729868 0.014161073825503311
6 0.16283658716328964 0.30513902205177373 0.25462638670830384 0.0766826462128476
6 0.13797652115831582 0.40197507190795784 0.2012781993803715 0.04009587727708541
7 0.7957587244625081 0.28144774688398855 0.08163124465465695 0.029300095877277065
7 0.7831551757709002 0.3884755512943433 0.06552583387351578 0.020853307766059447
8 0.6549113073569174 0.2807094918504315 0.05126599905848018 0.02782358581016293
8 0.6598328432665315 0.3915532118887824 0.0483635548040923 0.02256951102588687