1 0.22623291030668405 0.15302972195589648 0.23706975379996897 0.012655800575263675
2 0.1391911309821629 0.17059443911792907 0.05336396148148883 0.010354745925215746
5 0.17266388482896136 0.18678811121764144 0.12414258848930443 0.015867689357622262
6 0.11594002863994757 0.28763183125599234 0.23188005727989514 0.08245445829338446
6 0.09385621366090993 0.39309683604985624 0.18771242732181986 0.038350910834132265
4 0.44445255060668876 0.25755512943432407 0.10227961166005724 0.02180249280920421
4 0.44721302747906844 0.37998082454458293 0.08088985943750351 0.01882070949185044
8 0.6842670071254809 0.2597219558964525 0.049183810789028164 0.02613614573346119
8 0.6887784150426272 0.3773537871524449 0.052449060575214354 0.02059443911792904
7 0.8461255967682704 0.25687440076701823 0.0786341554789305 0.026279961649089145
7 0.8468827561389802 0.377823585810163 0.08592181442201283 0.01918504314477465
0 0.4322118074468793 0.4573346116970279 0.8644236148937586 0.07861936720997117