1 0.25442132271206996 0.1303739213806328 0.21399216714687463 0.012981783317353824
2 0.17539281339422816 0.1486960690316395 0.046265592381083805 0.013384467881112139
5 0.2076509574171795 0.16746883988494726 0.11078188042698667 0.015666347075743037
6 0.14083164295203426 0.2745637583892618 0.2816632859040685 0.09472674976030682
4 0.4544849122685944 0.24304889741131355 0.09044899649271562 0.021898370086289542
8 0.6684928535690255 0.24168744007670187 0.04315808413046207 0.022099712368168767
7 0.8123058115432299 0.24108341323106425 0.06975330702664596 0.018945349952061364
6 0.11119200841945444 0.385934803451582 0.2191503153598356 0.04421860019175457
4 0.45011547173345634 0.3711025886864813 0.07205633344588847 0.01749760306807291
8 0.6746605476095997 0.37100671140939595 0.053884508548851795 0.0182837967401726
7 0.8089774651428179 0.37064237775647174 0.06633031570489507 0.018523489932885974
0 0.43314248250671017 0.46453499520613617 0.8646602271971054 0.07215723873441995