1 0.22411917373011905 0.21723873441994251 0.23241637850081454 0.013969319271332648
2 0.1335913064696212 0.2316490891658677 0.05337973563504527 0.010920421860019135
5 0.1738311721921391 0.24551294343240654 0.13184037542485463 0.010450623202301034
6 0.11896866612278702 0.3281591562799616 0.23793733224557403 0.06540747842761271
4 0.446676706258149 0.303777564717162 0.09060673802828004 0.017871524448705677
8 0.6884471578179416 0.30414189837008637 0.04970435785639104 0.02228187919463087
7 0.8489964927155452 0.3010354745925216 0.08642658733581936 0.01973154362416114
6 0.09283089367974032 0.4120230105465005 0.1836584698578108 0.03820709491850436
4 0.44623502995856823 0.4050335570469799 0.08365033630988318 0.019328859060402694
8 0.6923275995928297 0.40170661553211895 0.05344283224927105 0.016347075743048833
7 0.8455419530866815 0.4024161073825504 0.07346023311241298 0.02023010546500483
0 0.4376065679631872 0.46780441035474596 0.871190726769478 0.0627325023969318