1 0.2868372082705859 0.14105465004793866 0.18170247481681032 0.015397890699904115
2 0.21623209695189133 0.15900287631831259 0.04205389338151025 0.01047938638542667
5 0.24478331488907568 0.17681687440076702 0.09136389739898997 0.013825503355704694
6 0.1752981684728894 0.2826653883029722 0.23973558575100995 0.08410354745925223
6 0.15778885802522388 0.39060402684563755 0.18752313747914237 0.045599232981783276
4 0.45934335156398265 0.2506615532118888 0.06293887269025716 0.021994247363374873
4 0.4591856100284182 0.37688398849472676 0.07041582147601705 0.0209971236816874
8 0.6462512970544234 0.2519271332694152 0.03695884178277507 0.024525407478427665
8 0.6511412846569246 0.37577181208053695 0.045192949939244886 0.020690316395014462
7 0.772586492888075 0.24986577181208056 0.07099946515760606 0.018504314477468854
7 0.7682012781993804 0.3760882070949185 0.0591215275295951 0.01751677852348994
0 0.42766885122262016 0.46349952061361466 0.7350913298843804 0.06895493767976983