1 0.3109874373655192 0.14794822627037393 0.1668432221666293 0.012972195589645219
2 0.24847446682128627 0.16493767976989454 0.04697542929112437 0.01237775647171624
5 0.27248272853421146 0.1819654841802493 0.0932883441328775 0.012905081495685523
6 0.21730473939373027 0.28582933844678815 0.21738361016151259 0.07810162991371046
4 0.4625928271966125 0.2520901246404602 0.07181972114254156 0.021112176414189852
8 0.6326066542280894 0.2533461169702781 0.03943538389113863 0.023624161073825523
7 0.7440983715651165 0.25292425695110266 0.0658728652517579 0.018590604026845627
6 0.19716114530213663 0.39234899328859074 0.1753770392406717 0.0459443911792905
4 0.4654637231438874 0.38003835091083416 0.06893305104171032 0.020278044103547454
8 0.6361242904711789 0.3762511984659636 0.05683427526390888 0.01793863854266542
7 0.7425051820559144 0.3761553211888783 0.07133072238229153 0.015656759348034566
0 0.4509672760255049 0.46237775647171625 0.6829893006874084 0.08227229146692228