1 0.30570309592410666 0.1368935762224353 0.16860992736495223 0.014573346116970276
2 0.24276422323384939 0.15345158197507194 0.04093392847900185 0.014602109300095912
5 0.2681921587668556 0.17247363374880154 0.09540208070944259 0.01735378715244491
6 0.20402290209919477 0.2764333652924257 0.21568000157741532 0.09182166826462126
4 0.46096808938029765 0.24510067114093959 0.05997333182164359 0.022521572387344247
8 0.6337423932841542 0.24717162032598278 0.029860472682370163 0.02225311601150528
7 0.7484362637931418 0.24466922339405564 0.05781227278440929 0.019453499520613614
6 0.19659327577410426 0.38836049856184085 0.18995235712683656 0.04433365292425693
4 0.46216692505058826 0.3746692233940556 0.06415348251410427 0.020258868648130424
8 0.6388847673435586 0.37184084372003834 0.038331193142186734 0.016807286673058464
7 0.7446031444789231 0.37128475551294343 0.05197583596852083 0.019002876318312635
0 0.44143968727740573 0.4562320230105466 0.6923275995928297 0.07971236816874398